1.83
2.00
1.88
2.03
1.68
1.71
1.78
2.08
2.03
1.88
2.10
1.81
2.12
1.90
1.56
1.93
1.54
1.56
1.49
1.73
2.15
1.51
1.90
1.49
2.10
1.81
2.00
2.12
1.51
1.81
1.71
1.66
1.46
1.78
1.61
1.46
2.25
1.98
2.22
1.54
1.73
1.51
1.95
1.46
2.00
1.86
1.49
1.44
1.61
1.46
1.39
1.86
2.00
1.42
1.49
1.56
1.46
1.59
1.68
1.44
1.51
1.42
1.37
1.76
1.73
2.03
2.12
1.93
1.73
2.05
1.54
1.73
2.37
1.59
1.93
1.68
2.34
2.20
1.88
1.68
1.88
1.83
1.83
1.42
2.10
1.68
1.39
2.15
2.10
1.37
2.00
1.34
2.32
1.78
1.83
2.22
1.90
1.56
1.95
1.44
1.61
2.10
2.12
1.90
1.90
1.90
1.42
1.61
1.39
1.54
1.37
1.49
1.42
1.51
2.20
2.34
1.86
2.00
1.34
2.29
1.93
1.42
1.32
2.29
1.71
1.54
1.78
1.56
1.98
1.76
1.37
1.73
1.78
2.03
1.44
1.27
2.37
2.00
1.32
2.17
2.32
1.93
2.12
1.29
2.42
1.29
1.73
1.71
2.39
1.56
1.64
1.61
1.27
2.25
1.61
1.29
1.39
2.10
2.25
1.61
1.95
2.34
1.46
2.27
1.88
2.05
1.66
1.93
1.49
1.27
2.15
2.34
1.42
1.98
2.42
1.29
2.29
2.44
1.66
2.37
1.66
2.25
1.29
2.05
1.27
2.03
1.95
1.42
2.42
1.29
1.29
1.86
1.66
2.47
1.34
1.25
1.46
2.29
2.27
1.42
2.15
1.54
2.15
2.05
1.32
1.90
2.03
1.51
2.00
2.00
1.86
1.34
2.47
2.10
1.68
1.39
2.39
1.66
1.46
2.27
2.29
1.81
1.54
1.27
2.15
1.59
2.39
1.22
2.20
1.68
1.25
2.49
1.59
1.25
1.56
2.42
1.56
1.83
1.39
2.22
2.10
1.39
1.46
1.39
2.15
2.32
1.68
2.08
1.93
1.64
1.32
1.44
1.29
1.56
2.51
2.44
2.29
2.17
2.03
1.78
1.98
1.88
1.86
1.76
1.64
1.56
1.49
1.44
1.29
2.12
1.27
2.34
1.22
1.61
1.68
2.20
1.51
1.22
1.22
2.25
1.25
1.49
1.59
1.22
1.61
1.86
1.83
1.78
1.39
2.20
1.25
2.05
1.25
1.22
1.25
1.22
1.49
1.78
1.37
1.83
1.25
2.12
2.34
1.88
2.47
2.10
1.49
1.64
1.25
1.83
2.15
2.32
2.03
1.98
2.47
2.51
2.47
1.76
1.86
2.17
2.00
2.39
1.27
1.42
1.61
1.76
1.51
1.64
1.95
2.29
2.03
1.29
1.42
1.73
1.71
1.90
2.22
2.12
1.27
1.27
1.51
1.51
1.78
1.44
1.83
2.39
1.49
1.56
1.51
1.64
1.88
2.00
1.39
1.61
1.66
2.08
2.17
1.37
1.32
1.25
1.81
2.12
1.88
2.47
2.17
1.44
1.51
1.88
2.12
2.47
1.34
1.25
1.83
1.64
2.47
2.22
2.25
1.32
1.90
2.32
2.44
1.29
1.44
1.86
2.12
2.32
1.25
1.51
1.56
1.95
2.47
2.56
1.25
1.25
2.00
2.29
2.37
1.34
1.64
1.44
1.98
1.59
2.17
2.47
1.71
1.73
2.22
2.05
2.47
1.59
1.78
2.05
2.25
1.25
1.25
1.25
1.51
2.32
1.20
1.56
1.78
1.78
2.12
1.32
1.49
1.93
2.17
1.78
1.25
1.49
2.08
2.39
1.25
1.49
1.78
2.15
2.42
1.37
1.54
1.78
2.29
2.25
1.49
1.81
2.12
2.44
1.25
2.39
1.90
2.25
1.90
1.25
1.64
2.10
2.25
1.86
1.59
1.83
2.22
2.39
1.37
1.61
1.98
2.37
1.27
1.59
1.68
1.71
2.47
1.42
1.59
2.00
2.32
1.22
1.46
1.64
2.15
2.49
1.29
1.68
2.00
2.32
2.34
1.46
1.78
1.95
2.42
1.25
1.56
1.95
2.34
2.54
1.54
1.64
2.15
2.49
1.37
1.68
1.78
2.03
1.22
1.39
1.83
1.95
1.90
1.37
1.61
1.98
2.25
2.05
1.37
1.73
1.98
2.44
2.39
1.64
1.95
2.29
2.17
1.44
1.81
2.05
2.44
2.39
1.37
1.95
2.27
2.17
1.51
1.81
2.12
2.47
1.34
1.68
1.81
2.32
1.59
1.49
1.25
2.05
2.54
1.27
1.56
2.03
2.05
2.54
1.54
1.56
2.17
2.49
1.37
1.68
1.98
2.32
1.98
2.47
1.83
1.51
2.34
1.37
1.68
1.93
2.32
1.22
1.25
1.59
2.05
2.44
2.39
1.71
2.03
2.37
1.25
1.56
1.90
1.59
2.47
1.42
1.51
2.03
2.37
2.34
1.61
1.93
2.22
2.27
1.29
1.25
2.05
2.25
1.27
1.59
1.90
2.22
2.32
1.64
1.73
1.64
2.39
1.22
2.39
1.90
2.22
1.98
1.44
1.73
2.05
2.37
2.49
1.44
1.88
1.90
2.37
1.27
1.51
2.05
2.37
1.22
1.32
1.93
2.25
2.51
1.25
1.76
2.00
2.32
2.05
1.51
1.81
1.78
2.47
1.44
1.76
1.59
2.17
1.22
1.54
1.90
2.25
2.44
1.46
1.64
2.03
2.20
1.29
1.56
1.32
2.05
1.64
1.27
1.66
1.71
1.95
1.34
1.51
1.88
1.64
2.47
1.44
1.25
2.12
2.44
2.47
1.56
1.90
2.08
2.42
1.51
1.83
2.15
2.34
2.39
1.68
2.00
2.25
2.05
1.39
1.86
2.17
2.27
1.25
1.68
2.00
2.32
1.22
2.39
1.83
2.08
2.34
1.37
2.39
1.98
2.29
1.98
1.51
1.83
2.15
2.47
1.22
1.25
1.78
2.25
2.51
1.42
1.25
1.90
2.44
2.17
1.71
2.03
2.34
1.37
2.39
1.86
2.15
2.42
1.32
1.71
1.95
2.25
1.22
1.54
1.71
2.17
2.05
1.25
1.42
2.03
2.12
2.54
2.39
1.83
2.15
2.47
1.22
1.25
1.90
2.29
1.20
1.32
1.83
1.78
2.47
1.27
1.66
1.76
1.93
2.47
1.34
1.66
2.10
1.78
2.47
1.64
1.93
2.25
1.71
2.39
1.78
2.10
2.08
1.25
1.64
1.98
2.15
1.98
1.51
1.68
2.08
2.42
1.32
1.68
1.88
2.05
1.59
1.54
1.86
2.17
2.42
1.32
1.68
1.51
2.32
1.22
1.32
1.76
2.15
2.32
1.34
2.47
1.98
2.29
1.20
1.51
1.81
2.15
2.17
1.37
1.68
1.44
2.32
1.22
2.39
1.71
2.15
2.39
1.37
1.61
1.98
2.29
1.20
1.51
1.76
1.93
2.32
1.37
1.25
1.98
2.29
1.25
1.37
1.81
2.12
2.47
2.12
1.51
1.88
1.98
2.47
1.44
1.61
2.08
2.39
1.29
1.25
1.90
2.22
2.39
1.49
1.25
2.12
2.47
2.51
1.37
2.00
2.17
1.22
2.32
1.64
1.25
2.51
1.39
1.64
1.81
2.05
1.25
1.49
1.66
1.78
2.54
2.25
1.51
2.03
2.34
1.51
2.39
1.71
1.95
2.42
1.37
2.47
1.90
2.22
2.47
1.49
1.25
2.12
1.25
1.20
1.59
1.98
2.08
1.20
1.44
1.61
1.78
2.47
1.29
1.54
1.93
2.10
1.20
1.37
1.83
2.15
2.32
1.27
1.66
1.98
1.71
2.47
1.49
1.71
2.10
2.05
1.29
1.61
1.71
2.22
2.32
1.42
1.71
1.98
2.37
1.27
1.56
1.25
1.98
2.54
1.42
1.71
2.03
2.34
2.42
1.44
1.76
1.56
2.47
1.42
1.51
2.03
2.34
2.54
2.47
1.83
2.15
2.49
1.37
2.47
1.98
2.29
2.32
1.44
1.61
2.12
2.44
1.34
1.64
1.90
1.71
1.32
1.34
1.25
2.10
2.37
1.34
1.44
1.88
2.27
2.54
1.49
1.44
2.10
2.34
1.32
2.05
1.78
2.25
2.05
1.37
1.46
1.98
1.25
2.17
1.51
1.81
1.98
2.29
1.39
1.68
2.00
2.32
1.22
1.51
1.83
2.00
2.39
1.37
1.54
1.98
2.22
1.20
1.37
1.81
2.05
2.37
2.32
1.59
1.25
2.27
Finish