12.21
11.84
11.57
11.57
12.21
11.84
11.65
11.57
12.40
12.28
11.55
11.57
11.55
12.45
12.08
11.82
12.35
12.26
12.30
11.82
11.69
11.55
12.08
11.96
11.96
12.38
12.23
11.57
11.87
11.62
12.45
12.11
11.87
11.82
12.33
12.23
11.87
11.69
12.08
11.84
11.65
12.45
12.13
12.40
11.96
11.96
11.55
11.55
12.21
11.72
11.65
12.45
11.82
12.01
11.67
12.21
12.13
11.62
11.55
12.23
11.77
11.55
12.04
11.87
11.55
11.65
12.35
12.08
11.69
12.40
12.28
11.74
11.62
11.94
12.13
12.01
11.57
12.28
12.06
11.55
11.57
12.28
11.62
12.45
11.94
11.99
12.08
12.33
12.04
11.55
12.40
12.21
11.79
11.55
11.79
11.91
11.79
11.55
12.04
11.89
11.55
12.40
12.04
11.72
11.57
11.79
11.74
12.35
11.69
11.89
11.67
12.45
12.01
11.62
12.33
12.13
12.08
11.62
12.43
11.87
11.67
12.35
11.69
11.91
11.55
12.21
11.96
12.40
12.23
11.82
11.57
12.30
11.62
11.55
12.45
11.94
11.79
11.69
11.89
11.87
11.94
12.06
11.69
12.33
12.23
11.69
12.40
12.43
12.01
11.55
12.43
12.11
11.62
12.35
11.99
11.67
12.43
12.18
11.79
12.30
12.23
11.69
12.38
12.28
11.94
12.43
12.16
11.96
11.62
12.28
11.69
11.67
12.30
11.74
12.35
12.43
11.99
11.84
12.33
12.11
11.87
12.16
12.33
11.55
11.60
12.28
11.57
11.72
11.94
11.69
11.65
12.30
11.82
11.57
11.55
12.06
12.01
12.38
12.43
12.40
11.57
12.43
11.57
11.57
11.55
11.62
11.57
11.55
12.23
12.06
11.72
11.62
12.16
11.55
12.40
12.01
11.55
12.38
11.62
11.94
11.57
12.40
12.04
11.57
12.13
11.99
11.65
12.30
12.21
11.65
12.40
11.57
11.94
11.60
12.21
11.72
11.65
11.79
12.01
11.57
11.57
11.89
11.69
12.43
12.23
11.89
11.55
12.28
11.72
11.62
12.45
11.91
11.94
12.40
11.99
11.96
12.33
12.26
12.11
11.77
11.62
12.21
11.57
12.43
11.57
11.74
11.62
12.28
11.99
11.99
12.26
11.94
11.69
12.40
12.11
11.82
12.01
12.11
11.55
12.40
12.08
11.52
12.40
12.13
11.62
12.30
12.11
11.82
11.77
11.99
11.84
12.13
12.13
11.62
12.33
12.23
12.43
11.57
12.38
12.01
11.82
12.38
12.26
11.79
11.60
12.11
11.91
11.55
11.94
11.91
11.57
11.57
12.16
11.62
12.28
12.08
11.89
12.40
12.26
11.69
11.57
12.13
11.69
12.43
11.65
11.94
11.82
12.26
12.21
11.99
11.60
12.21
12.13
11.96
12.33
12.18
12.21
12.33
12.30
11.57
11.60
12.45
11.82
11.74
11.69
12.26
12.01
12.13
12.08
12.06
11.55
11.55
12.38
12.11
11.72
11.62
12.23
11.57
11.67
12.18
12.04
11.65
11.57
12.13
11.87
11.65
12.40
12.33
12.40
11.52
12.28
11.69
11.74
12.43
11.91
11.82
11.55
11.94
11.57
12.40
12.21
12.11
11.87
12.40
12.28
11.67
11.62
11.55
12.23
11.74
12.40
12.45
11.89
11.79
12.04
12.04
12.33
12.33
11.96
12.26
11.60
11.67
11.55
11.62
11.62
11.55
11.74
11.99
11.77
12.23
12.01
12.13
11.57
12.38
12.23
11.67
11.60
11.62
11.91
11.74
11.67
12.18
12.06
12.40
11.55
12.13
12.11
11.74
11.52
12.38
11.57
11.65
11.69
11.96
11.91
11.62
12.01
12.13
11.55
11.55
12.40
11.62
11.69
11.57
11.94
11.57
11.94
11.69
11.55
12.23
12.33
12.08
11.57
11.67
12.11
11.87
11.74
12.16
11.67
12.16
12.40
12.30
11.67
11.77
11.57
12.35
12.13
11.94
12.21
11.79
12.08
11.55
12.35
12.43
11.82
11.69
11.55
12.13
11.99
11.89
11.69
12.43
12.16
11.55
11.65
11.77
11.67
11.87
11.55
11.57
12.21
12.08
11.55
12.26
11.67
11.91
11.72
12.45
11.69
12.06
11.65
11.57
12.30
12.04
11.94
12.30
11.99
11.94
11.82
12.43
12.43
12.13
12.33
11.52
12.43
11.60
11.65
11.57
11.65
12.16
12.08
12.38
11.69
12.35
12.16
11.74
11.94
12.23
11.82
11.89
11.55
12.28
12.01
11.74
11.55
11.55
11.57
11.96
11.69
11.96
12.26
11.74
12.01
12.23
12.26
11.79
11.72
11.87
11.62
11.94
11.55
12.13
11.96
11.57
11.55
11.69
11.94
11.87
12.04
12.26
12.43
12.38
12.16
11.65
11.57
11.77
12.01
11.89
12.40
11.57
12.26
12.40
11.65
11.57
11.87
11.91
11.96
12.43
11.96
12.23
11.77
11.74
11.55
12.16
11.96
12.43
12.35
12.43
11.74
11.69
11.69
11.87
12.13
11.91
11.77
11.52
12.13
11.87
11.67
11.82
12.40
11.99
11.65
11.55
12.45
11.57
11.87
11.74
11.65
12.35
12.13
11.57
12.40
11.87
11.77
11.69
11.91
12.21
12.26
12.35
12.35
12.43
11.65
11.60
11.69
12.43
12.28
12.08
11.72
11.57
12.43
11.74
11.82
11.62
12.40
12.08
11.57
12.40
11.57
12.18
11.84
11.91
11.55
12.35
11.57
11.57
11.65
11.89
12.21
12.13
11.55
12.43
11.87
11.57
11.87
11.57
12.21
11.96
12.30
12.35
11.69
11.82
11.60
11.87
11.55
12.21
11.52
11.57
11.67
11.65
11.89
11.65
11.55
12.43
12.40
12.35
11.72
11.69
12.40
12.04
11.84
11.62
12.35
12.01
12.30
11.77
11.65
12.01
12.08
11.55
11.69
12.40
12.16
11.94
11.57
11.55
12.43
12.04
11.69
11.67
12.45
12.11
12.01
11.79
12.40
12.43
11.72
11.69
11.82
11.65
12.06
12.33
11.57
11.65
11.74
11.94
11.69
11.65
12.30
11.55
11.82
11.87
11.89
11.82
12.11
11.87
12.21
12.16
12.33
11.57
11.79
11.55
11.91
12.13
11.52
12.43
11.52
11.74
11.87
11.55
12.01
12.26
12.40
11.72
11.60
12.45
12.01
11.87
11.67
12.18
12.26
11.55
11.65
12.45
11.57
11.91
11.94
12.33
12.40
12.21
11.55
11.57
12.45
11.55
12.21
12.28
12.30
12.38
11.62
11.74
11.84
12.01
12.30
12.30
12.01
11.74
11.57
11.89
12.01
11.74
11.67
11.55
12.13
12.01
11.67
11.57
12.40
12.23
12.40
11.57
11.57
12.45
11.87
12.01
11.60
11.57
12.26
11.94
11.82
11.77
12.11
12.21
12.26
11.62
11.67
11.55
12.45
12.13
12.35
12.43
12.45
12.33
11.57
11.65
11.55
12.35
12.28
12.40
11.82
11.57
11.55
12.16
11.84
11.62
11.72
12.45
11.62
12.11
11.94
12.43
12.45
11.62
12.43
11.82
11.94
12.33
11.91
11.84
11.67
11.69
11.94
11.57
11.69
11.60
11.55
11.62
11.62
11.69
11.65
11.55
11.62
11.96
11.69
11.60
12.35
11.55
12.06
12.43
11.62
12.35
11.74
12.04
11.82
12.33
12.33
12.06
11.67
11.55
12.43
12.38
12.16
12.43
11.57
11.55
11.84
12.04
12.04
11.96
11.57
11.60
11.62
11.77
11.67
12.40
12.38
11.72
11.91
11.69
11.69
12.21
12.21
11.55
11.74
12.45
11.74
11.87
11.89
11.62
12.28
12.21
11.87
11.77
12.13
12.43
11.94
12.23
11.55
11.62
12.30
12.26
12.40
11.69
11.62
11.74
11.57
11.99
11.74
11.55
12.45
11.65
11.72
11.55
11.77
12.33
11.67
12.21
11.60
12.43
12.04
12.18
12.01
11.55
11.57
12.45
11.82
12.04
12.16
11.62
11.55
11.57
11.87
11.87
12.18
12.40
12.28
11.57
11.65
11.57
11.94
12.23
12.40
11.60
11.55
11.65
12.08
12.08
12.01
11.94
12.40
11.57
12.01
11.65
12.33
12.04
11.74
11.62
11.62
11.57
11.91
11.99
11.69
11.60
12.40
12.30
11.82
11.87
11.74
12.13
12.33
12.40
11.57
11.74
11.94
12.21
11.96
11.55
11.55
11.57
12.01
11.89
12.08
12.33
12.43
12.45
11.62
11.69
11.69
12.43
12.43
12.43