14.94
15.60
14.87
14.67
15.16
14.75
14.87
14.99
15.31
14.89
14.92
14.77
14.67
15.26
15.06
14.72
15.58
14.65
15.60
14.75
15.33
14.67
14.72
14.99
15.19
15.63
14.99
15.63
15.50
14.67
15.04
15.14
15.65
14.72
14.79
14.77
15.19
14.65
14.82
14.67
15.55
14.67
15.60
14.67
15.65
15.16
14.70
15.14
15.50
14.75
15.60
15.63
14.77
14.67
14.92
14.77
15.33
14.72
14.72
15.19
15.04
15.04
14.82
15.53
14.84
14.65
14.70
15.63
15.31
15.63
15.04
14.72
15.38
15.65
14.79
14.77
14.70
15.53
14.67
14.72
14.84
15.63
15.04
15.53
15.60
15.23
15.36
14.65
14.72
15.58
14.67
14.67
14.67
15.23
14.82
14.75
15.19
15.55
14.67
15.43
14.67
15.01
15.21
14.67
15.21
15.16
15.36
14.67
14.67
14.67
15.63
15.58
15.14
14.87
15.60
14.79
14.89
15.04
15.33
15.26
15.11
15.60
15.41
15.28
14.75
14.77
15.63
15.65
15.09
14.87
15.16
15.11
15.36
15.26
15.65
15.36
15.09
14.82
15.63
15.65
15.09
15.63
14.77
15.16
14.67
14.92
15.60
14.82
15.04
15.06
15.60
14.89
14.65
15.36
14.84
15.60
15.09
15.26
15.41
15.65
14.62
14.92
14.99
15.53
14.87
14.92
15.58
14.65
15.11
14.75
15.58
15.55
14.70
15.63
15.63
14.62
14.70
15.26
15.19
14.67
14.62
15.43
15.23
15.60
14.87
15.50
15.63
14.84
15.21
15.53
14.89
14.75
14.75
15.33
15.63
14.94
15.19
15.33
14.65
14.75
15.63
15.65
15.60
15.60
14.79
15.33
15.19
14.84
15.11
14.77
15.48
15.01
14.65
14.62
15.63
15.38
15.33
14.70
15.63
14.67
14.89
14.72
14.70
14.99
15.65
15.55
15.06
14.89
15.14
14.75
15.04
15.60
14.94
14.72
14.87
15.65
14.67
14.87
14.70
15.28
14.65
15.09
14.70
15.43
14.70
15.06
15.28
14.94
14.72
15.26
15.65
15.60
14.67
14.82
14.92
14.77
15.14
15.53
14.70
15.45
14.70
15.53
14.82
14.89
14.82
14.70
14.72
14.79
14.99
14.65
15.33
15.45
14.77
14.92
15.19
15.50
15.65
14.67
14.70
15.16
14.89
15.11
15.26
14.70
15.01
14.62
15.19
14.70
15.45
15.63
15.63
15.06
14.94
15.16
14.89
15.23
15.21
14.75
14.65
15.53
14.75
15.48
15.26
15.65
14.77
15.60
15.26
14.67
14.97
14.65
15.63
14.65
14.89
14.94
14.62
15.01
15.09
15.60
14.67
15.36
15.23
14.87
14.75
14.89
14.94
14.62
14.94
14.67
14.62
15.23
15.04
15.41
14.72
15.41
14.65
15.43
15.63
15.65
14.67
15.19
14.77
14.75
15.09
15.19
15.63
15.63
14.84
14.84
15.50
14.87
15.60
15.01
15.04
15.53
15.65
15.63
15.60
14.67
14.79
15.33
15.60
14.65
14.97
15.65
14.77
15.06
14.65
14.77
15.06
14.75
15.53
14.97
14.65
15.33
15.65
15.36
15.26
14.89
14.62
15.33
14.72
14.89
15.09
15.36
14.70
15.58
14.87
15.26
15.58
14.70
15.63
15.58
15.60
14.84
15.53
15.60
14.67
15.31
15.65
14.67
15.41
14.79
15.14
14.77
15.33
14.79
15.28
14.70
14.70
15.63
15.65
15.28
15.55
15.67
15.65
14.72
15.65
14.67
14.67
15.04
15.38
14.70
14.89
15.60
14.67
15.19
15.53
15.04
15.43
15.58
14.72
14.75
15.19
14.70
15.04
14.65
14.67
15.70
15.38
15.65
15.65
15.41
14.67
14.70
14.62
15.63
14.70
15.38
15.21
14.89
15.33
15.55
15.60
15.58
15.63
14.75
15.26
14.94
14.79
15.19
15.21
14.89
15.36
15.09
14.84
14.65
14.92
14.94
15.01
15.04
14.72
15.33
15.48
14.67
14.77
15.31
14.97
14.87
15.55
14.82
14.97
15.38
15.04
14.77
15.43
14.99
14.75
14.70
14.92
14.67
14.97
14.94
15.53
14.65
15.21
15.14
15.63
15.21
15.67
14.72
15.11
15.65
14.82
15.28
15.48
14.87
14.77
15.67
14.70
15.36
14.92
15.06
15.26
15.63
15.16
15.67
14.82
14.89
15.01
15.31
14.89
14.65
14.70
15.01
15.60
14.87
15.23
15.65
14.92
15.28
14.77
14.70
15.36
14.97
14.72
15.14
14.89
14.67
15.19
14.75
14.92
14.79
14.92
14.79
14.72
14.75
15.77
15.01
14.77
14.79
16.04
15.31
15.23
15.45
14.67
15.65
15.21
14.87
14.77
15.38
15.14
15.16
15.60
15.63
15.23
14.65
15.06
14.77
14.72
15.63
15.11
14.75
14.62
15.55
14.84
14.84
15.63
14.87
15.41
15.48
14.72
14.89
14.97
14.99
14.75
14.75
15.11
15.55
15.65
15.21
15.65
14.75
14.67
14.84
14.94
15.65
15.38
14.97
15.36
14.65
15.04
15.60
15.45
14.77
15.21
14.87
15.36
14.82
14.99
15.48
15.23
14.87
14.65
15.58
14.70
14.67
14.94
15.38
14.67
14.82
15.58
14.77
15.14
15.60
15.45
15.16
15.26
14.65
15.38
15.65
14.72
14.75
15.36
14.67
14.72
15.21
15.26
14.99
14.75
15.16
14.99
14.65
14.79
14.72
14.70
14.67
14.92
14.72
14.84
15.43
14.72
15.06
15.65
14.84
14.87
15.01
15.19
15.50
14.77
14.67
15.65
14.75
14.67
15.45
14.92
15.70
14.67
15.23
14.75
15.14
14.75
14.70
14.92
14.70
15.55
15.33
14.97
14.82
14.82
14.70
14.79
15.60
15.19
14.70
14.70
14.67
15.58
15.14
15.23
14.70
14.84
15.60
14.67
15.50
14.72
15.58
15.38
15.31
14.70
14.67
15.65
15.21
15.70
14.67
14.99
14.84
15.26
14.67
15.01
15.55
15.43
15.28
15.70
15.41
15.65
14.82
15.67
14.67
15.65
15.50
14.67
15.21
14.70
14.77
15.43
14.77
14.84
15.60
15.55
15.11
14.70
14.82
14.87
15.01
14.84
14.67
14.99
15.45
15.41
15.63
15.28
14.87
15.67
15.01
15.04
15.43
14.75
15.31
14.79
15.19
15.14
14.75
14.70
15.43
15.55
15.26
14.67
15.65
15.11
14.87
15.67
14.70
14.94
15.65
15.06
15.09
15.67
15.63
15.36
15.23
14.97
15.60
14.79
14.77
15.45
14.67
15.50
15.70
14.67
15.53
15.11
15.50
14.70
15.65
15.70
15.50
15.45
14.70
15.11
14.72
15.55
15.09
15.67
15.14
15.60
14.70
14.72
15.04
14.99
15.36
14.70
14.67
14.97
14.82
14.70
14.82
15.06
14.79
15.04
15.53
14.82
14.94
15.67
15.60
15.16
14.75
14.67
15.65
14.94
15.45
14.67
14.70
15.55
14.99
14.67
14.70
14.70
14.67
14.67
15.19
14.72
15.11
15.45
15.58
15.01
14.70
14.67
15.11
14.77
14.94
14.67
15.65
15.04
14.97
14.72
15.65
14.70
14.72
15.16
14.77
14.82
14.89
15.31
14.84
14.72
14.79
15.45
15.63
14.94
15.60
14.77
15.50
14.77
15.19
15.67
15.65
15.48
14.70
14.79
14.67
15.31
15.19
15.14
15.21
15.58
15.55
14.89
14.79
15.60
14.75
15.60
14.82
15.36
14.94
15.67
15.67
14.67
14.70
15.50
14.87
15.65
15.67
15.16
14.82
14.67
14.87
15.21
14.99
15.60
15.06
14.82
15.70
14.67
15.28
14.70
14.70
14.75
15.21
15.19
14.70
14.82
14.67
14.70
15.23
15.50
15.06
15.48
14.87
14.70
14.72
14.75
15.21
14.72
15.23
15.26
14.70
14.84
14.72
14.67
15.09
15.41
14.70
15.28
15.53
15.14
14.70
15.58
15.16
14.84
14.89
15.04
15.01
14.87
15.70
15.41
15.65
15.09
15.11
15.67
15.43
15.67
15.11
14.82
15.28
14.70
15.14
14.94
14.87
14.70
15.45
14.92
14.94
14.77
15.06
14.82
14.67
15.50
14.94
15.09
14.70
14.67
14.67
15.19
14.72
14.94
15.58
14.67
15.14
15.50
14.67
15.14
14.87
14.99
14.72
14.77
15.65
15.11
15.67
15.67
15.63
14.82
14.77
15.63
14.79
15.67
14.99
14.94
15.60
15.53
14.99