19.04
18.92
18.51
18.41
18.38
18.97
18.04
19.07
19.09
19.04
18.02
18.26
18.73
18.24
18.09
18.12
19.09
19.02
19.04
18.43
18.77
18.51
19.12
18.21
18.14
18.09
19.09
18.90
18.51
18.48
18.33
18.33
18.07
19.09
18.36
18.85
18.48
18.38
18.19
18.29
18.04
18.02
18.33
18.75
18.63
18.12
18.51
18.12
18.99
19.07
19.19
19.02
19.17
18.55
18.60
18.31
19.09
18.07
18.92
18.75
18.82
18.65
18.19
18.09
18.21
18.97
18.12
19.02
18.48
18.48
18.51
18.60
18.24
18.90
19.19
18.97
19.17
18.16
18.19
18.24
18.48
18.21
18.77
19.19
18.85
18.58
18.70
18.60
19.24
19.24
19.09
19.14
18.95
18.75
18.12
18.65
18.24
18.43
18.14
19.02
18.12
18.87
18.53
19.17
18.26
19.26
18.36
18.24
18.97
19.12
18.97
18.90
18.70
18.51
18.41
18.51
19.14
18.58
19.09
18.90
18.09
18.87
18.55
18.38
18.26
18.09
18.46
18.07
18.85
18.75
18.75
18.09
19.12
18.09
18.36
18.24
18.16
18.07
19.07
18.87
18.16
18.70
18.38
18.46
18.24
18.97
19.09
18.75
18.82
19.09
18.85
18.70
18.77
18.29
19.14
18.14
19.07
19.02
19.04
18.65
18.51
18.60
18.19
18.21
19.09
19.07
18.51
19.04
18.19
18.04
18.41
18.53
18.12
18.21
18.87
18.75
18.97
19.04
18.75
18.60
18.07
18.48
18.04
18.85
19.07
18.97
19.02
19.04
18.07
18.77
18.75
18.16
18.07
18.02
18.99
18.43
19.04
18.92
18.73
18.24
18.16
18.55
18.29
19.04
18.04
18.97
18.07
18.73
18.63
18.04
18.38
18.09
18.04
18.02
19.07
18.02
19.04
18.55
18.73
18.04
18.24
18.53
18.38
18.99
18.02
18.99
18.19
17.97
17.99
18.73
18.77
18.12
18.29
18.46
18.04
18.04
18.04
18.02
18.02
18.92
18.02
18.85
18.65
18.04
18.58
18.12
18.41
18.09
18.26
18.29
19.09
18.24
18.21
18.99
18.36
18.85
18.70
18.77
18.46
18.09
19.07
18.19
18.73
18.14
18.07
18.77
18.99
18.99
18.02
18.90
18.60
19.07
18.04
18.14
18.26
18.04
19.07
18.02
18.95
18.90
18.36
18.97
18.60
18.75
18.70
18.09
18.09
18.16
19.07
18.29
19.02
18.02
18.99
18.02
18.41
19.04
18.60
18.41
18.55
18.24
19.07
18.29
18.26
18.09
18.02
18.70
18.24
19.04
18.53
17.99
18.73
18.16
18.73
18.26
18.51
18.63
18.04
18.41
18.09
18.14
18.07
19.04
18.77
18.68
18.77
18.02
18.75
18.41
18.16
18.68
18.07
18.41
18.29
17.99
18.14
18.63
18.73
18.92
18.87
18.51
18.04
18.60
18.16
18.46
18.12
18.12
18.41
18.16
18.97
18.14
18.95
18.99
17.94
18.31
18.29
18.55
18.53
18.85
18.48
18.31
18.95
19.02
18.04
18.82
17.99
19.02
18.02
18.63
17.97
18.97
18.97
18.80
18.24
17.99
18.19
18.60
18.73
18.48
18.46
18.02
18.24
18.14
18.97
17.97
18.95
18.68
18.24
18.73
18.46
17.97
18.68
18.04
18.02
18.38
18.29
18.38
18.09
18.92
18.99
19.02
18.97
18.53
18.82
19.02
18.75
18.29
18.02
18.53
18.55
18.36
18.33
18.92
18.60
19.07
19.04
18.41
18.97
18.68
18.97
18.87
18.21
19.04
19.07
18.04
18.09
18.19
19.07
18.14
17.99
18.02
18.92
17.99
18.02
18.99
18.99
18.60
18.24
18.07
19.12
18.36
19.12
18.85
18.85
18.87
19.09
18.02
18.21
18.99
19.04
19.07
18.09
19.04
19.07
18.95
18.24
18.24
18.53
18.16
18.33
18.07
18.82
18.29
18.07
19.02
18.09
18.14
19.07
19.09
18.92
18.43
19.04
18.65
18.12
18.24
18.33
18.63
18.55
19.04
18.95
18.04
18.68
18.58
18.14
18.95
18.02
18.97
17.99
19.07
18.48
18.41
18.85
18.02
18.04
18.65
18.16
18.75
18.46
18.65
18.16
18.26
18.95
18.38
18.53
18.04
19.07
19.07
18.02
18.75
18.95
18.92
18.24
18.36
18.24
18.73
18.46
18.43
18.48
18.75
19.02
18.41
18.95
18.75
18.31
18.53
19.09
18.09
18.04
18.09
18.55
18.14
18.99
18.65
18.38
19.07
18.24
19.04
18.90
18.48
18.60
18.70
19.02
18.29
18.48
18.95
18.04
18.16
18.75
18.14
17.99
18.80
18.19
18.60
18.75
18.85
18.77
18.02
18.73
18.09
18.02
18.68
18.21
19.09
18.53
18.99
18.26
18.07
19.02
18.31
19.07
18.07
18.07
18.19
18.51
18.92
18.85
18.92
18.90
18.41
19.02
18.90
18.29
19.04
18.09
18.31
18.77
18.16
19.04
18.53
18.38
19.07
18.36
18.09
18.14
18.14
18.48
18.09
18.21
18.97
18.36
18.02
18.70
19.07
18.99
18.07
18.02
18.77
17.99
19.04
17.99
18.95
18.07
18.85
18.82
18.55
18.21
18.77
18.51
18.04
18.04
18.33
18.65
18.16
18.04
18.60
18.38
18.63
18.58
18.16
19.04
18.51
18.46
18.60
18.26
18.99
18.87
19.09
18.82
19.07
19.02
18.82
18.29
19.07
18.38
18.02
18.14
18.14
18.60
18.02
18.04
18.87
18.07
17.99
18.02
18.48
18.99
18.77
18.73
18.99
18.58
18.87
18.48
18.46
19.07
18.48
17.99
19.02
18.58
18.16
18.90
18.46
19.02
18.48
18.68
19.04
18.02
18.80
19.02
18.97
18.12
18.48
18.73
18.77
18.68
18.85
18.41
18.04
18.04
18.90
18.43
18.65
18.21
18.21
18.63
18.12
19.07
18.55
18.16
18.04
18.51
18.38
19.07
18.60
18.21
19.07
18.55
18.02
18.87
18.46
18.90
18.21
18.12
18.26
18.21
18.14
18.14
18.55
18.82
18.07
18.48
18.02
18.68
18.12
19.04
18.14
19.04
18.75
18.55
19.04
18.75
18.38
18.09
18.63
18.63
18.75
18.51
18.07
18.31
18.07
18.02
18.60
18.36
19.07
18.55
18.02
19.07
19.04
19.04
18.29
18.16
18.77
18.75
18.24
19.07
18.09
17.97
18.87
17.97
18.97
17.99
17.97
18.97
18.31
17.87
18.82
18.75
17.90
18.70
18.95
18.82
17.97
17.92
18.90
18.48
17.90
18.70
18.87
18.31
18.70
17.92
18.43
18.87
18.82
18.82
18.33
18.80
18.53
18.19
18.51
18.19
18.95
18.95
18.41
18.51
18.12
18.43
18.92
18.68
18.26
18.87
18.63
18.19
18.73
18.48
17.99
18.55
18.33
18.97
18.90
18.12
18.90
17.94
18.68
18.97
18.36
17.97
18.51
18.24
18.90
17.99
17.99
18.97
18.38
18.16
18.97
18.12
18.97
18.85
18.29
18.04
18.12
18.24
18.65
18.48
18.97
18.85
17.99
18.77
18.16
17.99
17.99
18.36
18.97
18.85
18.68
18.04
18.92
18.04
18.92
17.99
18.04
18.99
18.85
18.04
18.90
18.68
18.12
18.92
18.24
18.21
18.80
17.99
17.92
18.97
18.85
18.99
18.04
18.41
18.92
18.90
18.41
18.92
18.73
17.87
18.07
17.90
18.09
18.77
18.68
17.90
17.85
18.63
18.63
18.07
18.55
18.02
18.63
18.29
18.04
18.92
18.07
18.82
17.90
18.14
18.55
18.77
18.70
18.14
18.07
18.90
18.60
18.19
17.90
18.90
18.55
18.07
18.02
17.87
17.92
18.82
18.38
18.77
18.80
18.19
18.55
17.85
17.85
18.90
17.94
18.82
18.87
18.82
17.90
18.68
18.87
17.87
18.70
18.19
18.87
18.68
18.07
18.87
17.99
18.04
18.87
17.99
18.75
18.85
17.94
17.99
18.85
18.68
18.87
18.70
18.75
18.16
17.90
18.68
18.24
18.70
17.99
18.19
18.38
17.94
18.80
18.04
18.65
18.82
17.82
17.82
18.68
18.16
18.58
18.04
17.87
18.24
17.87
18.24
18.24
18.16
17.85
17.92
18.80
18.87
18.60
18.04
18.87
17.82
17.87
18.55
18.04
17.99
17.97
18.07
18.65
18.80
18.24
18.21
18.75
17.97
18.73
18.63
17.82
18.85
17.87
18.73
18.53
18.65
18.73
18.87
18.24
Finish