20.95
21.44
21.00
21.70
20.92
21.29
21.04
21.61
20.97
21.73
20.85
21.56
20.95
21.09
21.09
21.53
20.85
21.88
21.44
21.39
21.17
21.80
21.00
21.97
21.83
21.90
21.00
21.58
21.36
20.92
21.31
20.90
21.85
21.07
21.68
21.83
21.73
21.92
21.83
21.04
21.90
21.14
21.56
21.44
21.70
21.12
21.83
21.04
21.02
21.61
20.80
21.39
21.95
21.70
21.97
21.85
21.02
21.61
21.56
21.88
20.92
21.97
20.92
21.61
21.70
21.61
21.24
21.70
21.09
21.90
21.22
21.78
21.02
21.78
21.09
21.88
21.56
21.00
21.92
21.04
21.61
21.39
21.83
20.92
21.90
21.24
21.63
21.58
21.85
21.14
20.97
21.56
21.80
21.78
21.04
21.68
21.19
21.97
20.97
22.09
21.17
22.05
21.46
21.90
21.46
22.05
21.78
21.83
21.56
21.12
21.88
22.00
22.05
20.92
20.95
21.29
21.02
21.63
21.09
21.36
21.09
21.17
20.97
20.92
22.00
20.97
21.19
22.00
21.29
21.24
21.12
22.05
21.70
21.24
21.75
22.07
22.02
21.09
21.36
21.04
21.04
21.53
20.95
21.22
21.14
21.63
20.97
21.58
22.00
21.90
21.51
21.95
21.22
21.02
21.02
20.95
21.80
21.02
21.70
21.36
21.46
21.39
21.46
21.04
22.07
21.46
21.73
21.78
21.00
21.88
21.39
22.02
21.07
21.70
20.95
20.92
21.31
21.02
21.78
21.19
21.48
21.39
21.00
21.12
21.14
21.41
22.09
21.73
20.97
21.24
21.51
22.00
21.22
22.02
22.12
21.36
21.17
21.85
21.44
22.09
21.46
21.19
21.83
21.22
22.12
21.34
21.88
21.53
21.02
21.66
21.17
21.88
22.09
21.12
21.19
21.58
21.02
21.66
21.70
22.05
21.29
21.02
21.34
22.14
22.12
21.26
22.05
21.63
21.66
20.97
22.02
21.73
21.00
21.90
21.04
21.90
21.17
22.07
21.53
21.80
21.02
21.02
21.68
21.22
22.02
22.12
20.97
21.75
21.04
21.53
22.07
21.44
21.12
21.00
21.02
21.07
21.48
21.92
21.61
21.24
22.07
21.31
21.00
21.53
21.09
21.58
21.29
22.14
21.22
21.04
20.97
20.95
21.53
21.12
21.22
21.02
21.73
21.31
22.14
21.31
21.75
21.02
21.00
21.58
21.17
21.36
21.12
21.02
21.00
22.05
21.19
22.05
21.75
20.97
21.75
21.17
21.39
21.34
21.00
21.68
21.63
21.70
21.17
22.14
21.34
22.12
21.75
20.97
21.58
21.29
21.46
21.36
21.95
21.02
21.83
21.66
21.26
22.05
21.02
21.04
21.66
20.97
21.66
21.34
21.95
21.26
21.95
21.31
21.09
21.41
21.00
22.09
21.02
21.78
21.90
21.92
22.02
21.48
21.63
21.31
22.00
21.95
22.00
21.07
21.07
22.09
21.22
21.07
21.02
21.07
21.70
21.66
21.97
21.34
22.09
21.85
21.07
21.66
21.04
21.19
21.70
22.07
21.41
21.36
22.05
21.56
21.68
21.68
21.17
22.09
22.07
21.97
21.12
21.02
21.63
21.02
22.12
21.29
22.07
21.02
20.97
21.53
21.19
21.46
21.07
21.02
21.00
21.34
21.97
21.39
21.29
21.41
22.12
21.75
21.22
21.46
21.44
22.09
21.31
21.00
21.14
22.12
21.73
22.09
22.14
21.29
21.92
21.73
22.12
20.97
21.70
21.12
22.00
21.48
21.88
21.29
21.17
21.85
21.09
21.95
21.41
21.00
21.41
21.22
21.63
21.41
20.97
21.68
22.05
22.00
21.09
20.97
21.00
21.19
21.31
21.12
21.02
21.46
21.09
22.09
21.00
22.09
21.34
22.05
21.83
21.02
21.66
21.29
21.19
21.73
21.09
22.05
21.31
22.09
21.68
21.22
22.00
21.09
21.04
21.46
22.12
21.97
21.34
21.66
21.70
21.29
22.09
21.58
21.78
21.51
21.22
21.44
21.44
21.04
21.24
21.12
22.07
21.56
21.73
21.61
21.02
21.95
21.34
21.70
21.61
21.02
21.78
21.36
22.05
21.73
21.02
22.05
21.24
20.97
21.53
21.12
22.07
21.00
22.02
21.48
22.12
22.02
21.29
22.09
21.70
21.04
22.07
21.26
20.97
21.09
21.00
21.95
21.00
22.07
21.53
21.00
21.90
21.56
22.12
21.90
21.07
21.70
20.95
22.07
20.95
21.41
22.00
20.95
21.17
21.34
21.24
21.70
21.44
22.00
22.05
21.07
22.12
21.07
21.09
22.02
21.58
21.80
21.90
21.36
21.80
21.48
21.07
21.29
21.48
21.97
21.09
21.07
22.00
21.07
21.68
21.39
22.14
22.02
21.63
21.04
21.78
21.04
21.66
21.73
22.02
21.68
21.51
21.19
21.19
21.39
22.12
21.34
21.07
21.95
21.34
21.24
21.73
22.12
22.12
21.14
21.70
21.85
21.04
22.17
21.17
21.00
21.78
21.24
21.53
21.36
21.19
21.53
21.12
22.02
21.24
21.02
21.75
21.04
21.17
21.92
21.36
22.14
21.19
22.14
21.73
21.24
21.02
21.44
21.31
21.70
21.70
22.09
21.44
21.19
21.19
21.41
21.14
21.46
21.36
21.12
21.88
21.12
22.05
21.04
21.17
21.90
21.36
21.02
21.95
21.17
21.66
21.34
21.17
21.88
21.51
22.12
21.51
22.14
21.97
21.53
22.09
21.00
21.46
22.05
21.44
21.17
22.07
21.39
21.17
21.88
21.26
21.80
21.14
21.04
21.63
21.63
21.02
22.05
21.02
22.09
21.58
21.07
22.14
21.48
21.70
21.66
21.09
21.80
21.63
21.31
22.12
21.48
21.07
21.75
21.34
21.88
21.48
21.22
21.80
21.26
21.02
21.68
22.07
22.12
21.02
21.17
21.70
21.29
21.02
21.66
21.19
21.88
21.48
21.31
21.70
21.00
21.88
21.56
21.04
21.51
21.51
21.02
21.85
21.02
21.70
21.17
21.14
21.97
21.36
22.14
21.41
21.29
22.14
21.48
21.17
22.02
21.02
21.88
22.14
21.34
21.83
21.66
21.04
21.61
21.02
20.97
21.41
21.31
21.70
21.24
21.14
21.85
21.24
21.29
21.73
21.29
22.07
21.51
22.14
22.14
21.12
21.04
21.73
21.04
22.05
21.78
21.00
22.09
21.02
20.97
21.83
21.19
22.09
21.61
21.22
22.12
21.22
21.97
21.36
21.04
22.05
21.80
21.22
22.14
21.34
21.14
21.97
22.14
22.02
21.78
21.04
21.95
21.48
21.17
21.24
21.48
21.41
21.41
21.31
21.83
21.66
21.24
22.00
21.56
21.09
21.92
21.02
21.17
21.53
22.00
22.17
21.53
21.09
21.85
21.04
22.14
21.80
21.88
21.80
21.56
21.88
21.48
21.48
22.12
21.44
21.14
22.09
21.63
21.02
21.80
21.29
21.07
21.34
21.12
21.04
21.73
21.04
21.17
21.66
21.07
21.83
21.29
21.14
21.44
21.44
22.14
21.66
22.00
21.70
21.29
21.88
21.70
21.34
21.90
21.61
21.46
22.09
21.95
21.09
21.41
21.24
21.36
22.09
21.75
21.00
22.00
21.39
21.00
21.41
21.34
22.12
21.29
21.00
22.09
21.75
22.00
22.12
21.07
21.09
22.05
21.41
21.02
21.51
21.02
22.07
21.68
22.14
22.14
21.58
21.04
22.00
21.63
21.09
21.92
21.00
21.95
21.70
21.02
21.75
21.70
21.34
21.66
21.00
21.22
21.83
21.46
20.97
21.00
21.29
21.48
21.56
22.02
22.09
21.44
21.19
21.61
21.34
21.12
21.36
21.00
21.02
21.26
21.04
22.02
21.29
21.36
22.09
21.41
21.12
22.02
21.00
21.17
22.12
21.48
21.14
22.05
21.36
22.07
21.07
21.39
21.97
21.68
21.04
22.12
22.05
22.12
22.09
21.14
21.29
22.00
21.51
21.26
21.75
21.56
21.04
21.46
21.02
21.19
21.58
21.00
21.95
22.00
21.51
22.12
21.22
21.07
21.00
21.73
21.02
22.09
21.48
21.17
21.29
21.51
21.00
21.70
21.22
21.26
21.95
21.63
22.09
22.07
21.26
21.14
21.34
21.58
22.09
22.07
21.26
21.07
22.09
21.53
21.26
21.78
21.24
22.14
21.46
21.24
22.09
21.63
21.88
22.12
21.78
21.24
21.58
21.70
22.14
21.78
21.56
21.02
21.04
21.63
21.04
22.14
21.88
21.12
21.78
21.58
21.04
21.90
Finish