2.59
2.66
3.08
3.10
2.69
2.93
3.39
3.17
2.81
3.15
3.10
3.20
2.59
3.34
2.83
2.71
2.81
2.59
3.20
2.64
3.37
3.42
2.69
3.20
3.25
3.27
2.59
2.93
3.10
3.32
2.71
3.05
2.59
2.91
2.59
3.37
2.66
2.86
3.22
2.69
2.78
2.76
3.39
2.64
2.64
2.91
3.34
2.98
2.61
3.34
2.76
2.78
2.76
2.73
2.61
3.42
2.59
2.73
2.73
2.88
2.61
2.59
2.71
3.20
3.20
3.34
2.73
3.27
2.61
2.93
2.88
3.15
3.17
2.64
3.03
2.83
3.30
2.86
2.76
3.22
2.76
3.03
2.88
2.64
3.08
3.10
2.83
3.08
3.08
2.95
2.76
2.71
3.39
3.42
2.93
3.15
3.03
3.37
2.73
3.27
3.30
2.95
2.98
3.08
3.03
2.69
2.64
3.22
3.10
2.71
2.71
2.95
2.91
2.78
2.73
3.42
3.27
3.15
2.81
2.91
3.30
2.66
2.76
3.17
3.22
3.20
3.15
2.76
2.64
2.81
2.76
2.64
3.13
3.20
2.95
2.98
2.88
2.91
2.81
2.61
3.08
3.30
2.81
3.15
2.61
2.61
2.88
3.08
3.15
3.00
3.17
2.81
2.88
2.88
2.95
2.61
2.61
3.10
2.61
3.08
2.61
3.25
2.61
2.61
2.61
2.93
2.61
2.88
2.73
2.88
3.10
2.81
2.61
2.61
2.61
2.61
2.61
2.61
3.17
2.61
2.95
3.03
2.61
2.73
2.61
2.66
2.66
3.00
3.08
2.93
2.64
2.93
2.66
3.15
3.00
3.30
2.66
3.37
3.08
2.61
3.15
3.22
2.73
2.61
2.73
2.66
3.15
3.08
2.61
2.73
2.61
2.61
3.10
2.69
2.86
3.39
3.37
2.93
3.39
2.61
3.03
3.37
2.66
2.76
2.98
2.76
3.34
2.78
2.91
2.71
2.73
3.15
3.22
2.64
2.64
2.66
3.32
2.61
3.27
2.76
2.95
3.25
3.39
2.81
2.83
3.30
2.61
2.71
3.34
3.22
3.13
2.69
2.88
3.25
3.27
2.64
2.83
2.66
3.10
3.27
2.93
2.66
2.95
2.71
3.39
2.64
3.00
2.78
2.93
2.98
3.27
2.69
2.71
3.13
2.91
3.25
2.95
2.61
3.17
3.34
2.61
3.27
2.61
3.17
3.10
3.27
3.39
2.78
2.83
3.05
3.08
2.81
2.73
3.08
3.05
3.00
3.32
2.61
2.69
3.34
2.76
3.34
3.00
3.34
2.61
3.13
3.30
2.98
2.61
2.91
3.00
3.15
3.13
2.66
2.69
2.66
2.95
2.91
2.78
2.61
2.64
2.88
3.13
3.10
2.71
2.61
2.76
2.66
3.15
2.69
2.61
2.98
3.08
3.25
2.76
3.30
2.91
2.78
2.73
3.39
2.61
3.00
2.71
2.61
3.05
2.93
2.61
2.95
3.22
2.69
3.22
3.22
2.83
2.78
3.22
2.61
2.91
3.22
3.03
3.25
3.15
2.88
3.05
3.39
3.13
2.66
2.73
2.98
2.66
3.22
3.10
3.25
2.73
3.13
2.76
2.66
2.69
3.05
3.34
2.71
2.69
3.17
2.71
2.83
2.61
2.71
2.69
2.69
2.78
2.86
2.73
3.13
2.73
2.71
3.00
3.34
2.81
2.61
3.27
2.69
2.64
2.88
3.10
3.08
2.66
3.10
3.17
2.83
2.93
2.95
2.64
2.78
2.88
2.64
2.69
3.34
3.27
3.22
2.69
3.05
2.66
3.27
2.78
2.66
2.71
3.15
3.05
2.81
2.73
3.08
2.76
3.30
2.93
2.93
2.78
2.88
2.64
2.81
3.00
3.10
2.71
2.64
2.88
3.22
2.78
3.37
3.20
2.93
3.20
3.13
2.78
2.66
2.78
3.00
2.64
2.81
3.03
2.78
2.69
3.37
2.83
2.66
2.64
2.76
3.37
2.91
3.37
2.98
3.20
2.64
3.37
2.78
2.83
2.81
2.64
2.78
3.37
2.66
2.69
2.71
3.17
3.05
3.30
2.78
2.64
3.13
3.34
2.69
2.73
2.76
2.66
2.76
2.78
2.91
3.15
2.64
2.64
3.30
3.13
2.88
2.73
2.69
2.64
2.83
2.93
2.64
3.08
2.64
2.81
3.15
2.91
2.83
2.69
2.88
2.64
2.69
3.22
2.66
3.32
3.10
2.64
2.76
2.64
2.73
3.30
3.08
2.76
3.27
2.73
3.32
3.27
2.71
2.66
2.78
2.95
3.27
3.10
2.69
2.81
2.69
2.64
3.17
2.73
2.73
2.69
3.25
3.13
2.73
2.98
2.83
2.66
3.17
3.10
3.22
3.03
2.64
2.76
3.03
2.81
2.76
2.66
2.76
3.13
2.91
2.61
2.78
3.37
2.91
2.98
3.22
2.66
3.20
2.69
3.10
3.13
2.64
3.08
3.13
3.37
3.17
2.81
2.95
2.69
3.05
2.81
3.08
3.27
2.78
2.86
2.69
3.20
2.66
2.86
3.08
3.27
3.03
3.00
2.78
2.69
3.20
3.30
3.08
2.91
2.71
2.91
2.78
3.00
3.05
2.66
2.73
3.30
3.20
3.03
2.69
2.91
2.76
2.98
3.17
3.37
2.64
2.98
2.71
2.93
2.66
3.37
2.64
3.00
3.37
2.69
3.08
3.05
2.86
3.00
2.95
3.25
2.71
2.66
2.64
2.73
2.73
2.73
2.69
3.37
2.93
2.81
3.32
3.08
3.13
2.95
2.93
2.64
3.13
2.86
2.73
2.66
2.86
2.73
2.64
3.22
2.64
3.30
3.20
3.08
2.78
2.64
3.17
2.71
3.15
2.81
3.15
2.71
3.27
3.17
2.83
2.78
2.78
3.05
2.73
3.30
2.93
3.37
2.71
2.69
2.66
2.69
3.08
2.98
3.27
2.64
2.88
2.93
3.00
3.00
3.08
3.00
3.37
2.88
2.64
2.76
3.30
2.78
2.64
2.69
3.22
3.15
2.78
3.27
3.32
2.88
3.27
2.76
2.88
2.76
2.71
2.64
3.20
2.78
3.30
2.69
3.25
2.78
2.64
3.10
2.66
3.20
3.17
2.76
2.76
2.64
3.17
2.69
2.66
3.15
2.98
2.95
2.78
2.91
2.69
3.15
2.73
3.13
3.10
2.64
2.64
2.71
3.37
2.83
3.27
3.03
2.66
3.20
2.73
2.66
2.98
3.37
2.86
3.27
2.93
2.71
2.64
3.10
2.64
3.05
3.10
2.95
2.64
2.73
3.30
2.66
3.13
2.83
3.10
2.64
3.05
2.64
2.78
3.22
2.64
2.73
3.25
2.88
2.78
2.64
2.69
2.71
3.22
3.20
3.00
2.64
3.34
3.25
2.64
3.37
2.81
2.91
2.71
3.17
2.78
2.64
3.34
2.88
2.95
2.66
2.64
2.66
2.91
3.20
2.98
2.66
2.78
2.73
2.66
2.69
2.73
2.93
3.17
2.64
3.30
2.66
2.64
2.69
3.08
2.71
2.95
2.91
2.88
3.22
3.30
3.10
3.37
3.00
3.15
2.88
3.27
2.78
2.91
2.69
2.83
3.15
2.83
3.30
2.81
3.03
2.64
3.30
2.76
2.95
2.66
2.83
3.08
2.71
3.10
3.25
2.98
3.37
2.73
2.71
2.76
3.00
2.64
2.98
3.25
2.93
3.27
2.78
3.15
3.20
2.86
2.81
2.66
2.66
2.78
3.15
2.66
3.15
3.10
2.86
3.17
2.81
3.17
2.69
2.81
2.76
2.95
2.95
2.73
2.81
2.73
2.64
3.25
2.93
3.37
2.64
2.98
2.69
3.10
2.64
3.00
3.30
2.64
2.93
2.71
3.03
2.64
3.03
3.22
2.73
3.15
2.81
2.91
2.78
2.91
2.69
2.69
2.83
3.13
3.20
3.15
2.64
2.64
3.00
2.73
2.86
2.69
3.15
3.13
2.64
2.64
3.30
2.71
3.27
2.64
3.15
2.66
3.05
2.81
2.93
3.27
2.83
3.20
2.71
3.03
2.64
2.71
2.64
2.83
3.22
2.66
2.76
3.08
3.34
2.64
2.88
3.20
2.78
3.17
2.64
2.64
3.00
2.95
3.37
2.76
2.76
2.71
2.88
3.17
2.88
3.37
2.64
2.86
3.22
2.64
2.61
3.00
3.32
2.88
3.37
2.81
3.13
2.66
2.64
3.30
2.91
2.81
2.69
2.69
2.66
2.64
2.83
2.71
2.66
3.22
2.73
2.66
2.83
3.27
2.78
2.73
3.27
2.83
Finish