6.05
5.66
6.15
6.05
6.30
6.01
5.66
5.66
5.79
6.37
6.20
5.66
5.93
5.74
6.25
5.86
5.66
6.10
5.74
6.35
6.01
5.71
5.93
5.74
6.23
5.83
5.66
5.66
5.86
6.35
6.03
6.25
5.66
6.25
5.74
6.18
5.66
6.32
6.08
5.79
6.08
5.74
6.18
5.93
5.86
6.15
5.74
6.18
6.01
5.81
6.01
5.66
6.15
5.66
6.15
6.05
5.69
5.76
5.69
6.20
6.03
5.66
6.10
5.79
6.18
6.08
6.01
5.93
5.98
5.74
6.32
5.66
6.23
5.93
6.20
5.81
5.98
6.15
5.66
5.66
6.15
5.69
6.35
6.01
5.71
6.15
5.91
6.37
6.08
5.69
6.13
5.83
5.66
6.03
5.86
6.37
6.03
5.71
6.20
6.03
6.30
5.83
5.81
5.69
5.66
5.71
5.74
5.83
6.27
5.71
5.69
6.30
5.83
6.05
5.74
5.71
5.86
6.13
6.03
5.69
5.71
5.66
6.23
6.15
5.69
5.66
5.71
5.66
6.25
5.71
6.20
5.88
5.93
6.08
6.13
6.01
5.79
5.74
5.71
5.66
6.10
5.96
5.71
5.96
5.66
6.32
6.35
5.74
6.23
6.01
5.66
6.20
5.81
6.35
6.18
6.18
5.74
5.93
5.69
6.20
5.98
5.66
6.05
5.71
6.23
5.69
5.69
5.66
6.35
5.69
6.23
5.74
6.20
6.13
5.71
6.13
5.83
6.25
5.88
6.13
5.69
5.66
5.88
6.27
5.71
5.66
5.66
5.74
5.98
5.71
5.74
6.20
5.83
6.10
5.66
6.32
6.35
5.98
5.76
6.32
5.83
5.69
5.91
5.81
5.86
6.30
5.81
6.15
5.71
5.83
6.23
5.83
5.86
5.81
5.71
5.66
5.71
5.66
6.01
5.81
6.25
6.10
6.18
5.66
6.10
5.69
6.32
5.93
5.69
5.71
5.83
6.20
6.03
5.81
6.30
6.08
5.74
5.66
5.74
5.93
6.13
5.66
6.35
5.91
6.25
5.93
5.93
5.66
5.93
5.76
5.79
5.91
5.81
6.35
5.88
5.66
5.66
5.69
6.35
5.93
5.91
6.32
6.08
5.66
6.30
5.96
5.81
6.20
5.88
5.98
5.74
5.74
6.03
5.96
5.71
6.15
5.66
6.01
5.98
5.74
6.08
6.01
5.66
5.76
5.96
6.15
6.13
6.35
6.27
5.96
6.15
6.27
6.05
5.69
6.20
5.66
5.66
6.25
5.66
6.20
6.03
5.91
6.08
5.71
6.08
6.20
6.05
5.66
5.98
5.83
6.01
5.71
5.79
6.32
6.35
5.66
5.76
5.71
5.66
6.15
5.71
5.69
5.86
5.66
6.20
6.20
6.18
5.74
6.05
6.32
6.35
5.81
5.83
6.08
5.74
6.15
5.76
5.66
5.76
5.88
5.74
6.35
5.66
6.08
5.96
5.71
5.69
5.74
6.27
5.93
5.71
5.66
6.10
6.15
6.23
5.66
5.71
6.05
5.66
6.25
5.96
5.66
6.05
5.69
5.66
6.01
5.91
6.35
6.13
5.81
5.66
6.08
5.66
6.32
5.96
5.66
5.98
5.88
6.18
6.23
5.66
5.69
5.69
5.81
6.30
5.66
6.30
6.23
5.91
5.66
5.66
6.18
5.69
5.98
6.01
6.23
6.03
5.71
6.15
5.96
5.83
5.91
5.93
5.74
6.35
5.69
5.66
5.66
6.27
6.13
5.96
6.25
6.20
5.83
5.66
5.88
5.74
6.27
6.27
5.76
6.27
5.96
5.66
5.88
5.83
5.66
6.23
5.81
5.83
6.08
5.86
5.81
5.93
5.91
5.66
5.98
5.69
6.05
5.79
6.32
6.03
5.66
6.13
5.69
5.81
6.35
6.08
5.81
6.27
6.05
6.27
5.96
5.69
6.13
6.03
5.66
5.71
6.18
5.93
5.69
6.18
5.69
6.30
6.08
5.83
5.74
5.79
5.83
5.76
6.03
5.74
5.69
5.66
5.71
5.69
5.83
5.93
5.74
5.66
6.20
6.10
5.69
6.35
6.01
6.05
6.05
6.03
6.20
6.13
5.74
5.93
5.69
6.23
6.15
6.05
5.69
6.08
6.25
5.69
5.91
5.81
5.79
6.10
5.76
6.01
6.15
5.88
6.10
5.86
5.69
6.35
6.32
5.66
6.30
5.93
5.71
5.76
6.08
5.66
6.25
5.91
5.76
5.96
5.74
6.37
6.05
5.81
6.35
6.15
5.66
6.25
6.01
5.91
6.37
5.91
5.66
5.81
5.76
6.15
6.15
6.13
6.10
6.15
5.79
6.25
6.10
5.91
5.69
5.96
5.66
6.23
6.35
5.71
5.96
5.91
6.03
6.15
5.81
6.03
6.10
6.13
6.27
5.69
5.69
6.15
6.13
5.69
6.01
5.91
6.32
5.66
5.83
6.37
5.86
5.76
6.20
5.86
5.71
6.15
6.35
5.66
6.18
5.71
5.83
5.83
6.32
6.25
6.05
6.27
6.15
5.98
5.69
6.10
5.88
5.71
6.30
5.83
5.69
5.96
5.71
6.23
5.81
5.93
6.13
5.74
5.69
5.93
5.86
6.13
5.69
5.76
6.10
5.74
6.37
6.23
5.79
6.37
5.93
5.96
6.15
5.83
5.69
6.15
5.69
5.86
5.79
6.10
6.20
5.79
6.03
5.91
5.93
6.30
6.27
5.96
5.66
6.10
6.30
6.32
5.66
6.35
6.23
5.79
5.83
6.25
5.98
6.35
6.13
5.98
6.32
6.23
6.05
5.76
5.93
5.71
6.03
5.88
5.71
6.27
5.66
6.20
6.15
5.69
5.69
5.79
6.05
5.79
6.08
5.69
5.66
6.23
5.71
5.69
5.69
5.88
6.13
5.69
5.81
5.69
5.81
6.37
6.15
5.69
5.69
5.76
5.86
5.66
6.20
6.37
5.71
6.10
5.76
6.27
6.13
5.88
6.08
6.37
5.69
5.96
6.20
5.96
6.23
5.71
6.37
6.35
6.35
6.13
6.05
5.71
6.25
6.30
6.27
6.25
5.98
5.69
6.20
5.81
5.66
6.25
5.91
6.35
5.71
6.08
6.25
5.96
5.66
5.83
6.27
5.66
6.10
5.83
6.27
5.69
6.32
5.66
6.05
5.69
6.27
5.93
5.71
6.27
5.71
6.37
6.08
5.66
6.25
5.66
6.25
5.86
5.79
5.66
6.32
5.66
6.37
5.83
5.88
5.66
5.86
6.35
5.88
6.30
6.23
5.83
5.66
5.76
5.86
6.35
5.96
5.74
5.69
5.91
5.71
5.93
6.05
6.35
5.74
5.71
6.05
5.76
6.37
5.71
5.93
5.69
5.81
5.69
6.27
5.69
6.62
7.23
7.23
5.91
5.93
6.13
5.86
6.32
6.01
6.15
5.86
5.88
5.83
6.20
5.88
6.01
6.27
5.83
6.18
6.45
6.49
5.88
6.40
5.81
5.86
5.83
6.01
5.83
6.35
6.13
5.83
6.52
6.35
5.83
5.83
6.45
6.37
5.91
5.96
6.42
6.25
5.91
6.37
5.83
5.83
6.15
5.96
6.30
6.23
6.01
5.86
6.15
6.35
6.35
5.81
5.88
6.35
5.81
5.86
6.01
6.25
6.47
6.35
6.40
5.83
5.98
5.81
5.86
6.40
5.83
5.81
6.23
5.91
5.93
6.05
5.91
6.01
5.91
6.27
6.30
5.86
6.18
6.01
5.91
5.83
5.98
6.10
6.49
5.93
6.45
5.91
6.42
6.42
5.88
6.40
6.25
5.83
5.88
6.13
5.81
6.47
5.81
6.13
6.25
6.32
5.83
6.49
5.98
6.49
6.47
5.86
6.45
6.49
5.83
6.40
6.32
6.52
6.23
5.86
6.42
6.08
6.49
6.52
6.20
6.23
5.93
5.98
6.47
6.20
6.47
6.45
6.40
6.52
5.86
6.23
6.20
6.32
6.03
6.03
6.18
5.86
5.83
6.05
5.86
6.05
6.18
5.98
6.40
6.05
6.35
6.30
5.88
5.96
6.10
5.86
6.32
5.96
6.47
5.83
6.01
5.83
5.88
6.47
5.88
6.13
6.32
6.32
6.15
6.27
6.18
6.23
6.49
6.05
6.37
6.52
5.98
5.86
5.83
6.27
6.49
6.42
5.86
6.32
6.25
6.30
6.52
5.83
6.13
5.83
5.86
6.35
6.35
5.91
5.96
6.03
5.96
6.45
6.40
5.93
6.49
6.08
6.10
5.91
5.86
6.25
6.30
6.10
6.40
6.23
6.27
6.47
6.42
5.86