9.11
9.33
9.25
8.76
9.45
8.79
9.55
8.76
9.28
9.18
8.86
9.01
8.79
9.25
8.79
9.11
8.79
9.50
8.84
9.42
9.40
8.94
8.76
8.81
8.76
9.03
8.81
9.52
8.89
8.91
8.81
9.18
8.79
8.86
8.76
9.23
8.76
8.81
9.33
8.86
9.38
9.40
8.79
9.42
8.76
9.45
8.81
9.03
8.76
9.11
9.23
8.86
9.08
9.45
8.76
9.25
8.76
9.06
9.23
9.33
9.38
8.76
8.96
9.52
8.86
8.81
9.18
8.96
8.79
9.20
8.86
8.79
9.20
8.84
9.23
9.35
8.79
8.86
9.55
8.91
8.81
9.52
9.35
9.03
9.40
8.76
9.55
8.76
9.18
8.79
9.42
8.76
8.84
8.96
9.55
8.91
9.18
9.16
8.76
9.50
9.23
9.55
8.91
8.89
9.28
9.45
8.94
9.08
9.03
9.55
9.13
8.76
9.55
9.35
9.30
9.50
8.84
8.81
8.76
9.33
9.28
9.55
9.23
9.55
9.38
8.94
9.40
9.52
8.96
9.25
9.30
9.47
8.76
8.76
9.35
8.76
8.76
8.81
9.35
9.42
8.76
8.91
8.86
9.55
9.23
8.86
8.79
9.40
9.30
8.76
8.98
9.08
8.76
8.94
9.55
8.98
9.13
8.84
9.35
8.98
8.86
8.76
8.76
8.94
8.76
9.06
8.84
9.20
8.76
8.76
9.16
9.47
9.40
8.76
9.06
9.16
9.47
8.76
8.96
9.38
9.16
8.79
9.55
9.55
8.76
8.84
9.52
8.76
8.81
8.86
8.96
8.79
9.55
9.18
8.79
8.81
9.08
9.38
9.28
8.76
8.76
9.30
9.33
9.52
8.79
8.76
8.98
9.52
8.79
8.76
8.76
9.08
9.47
9.55
9.06
8.91
9.28
9.18
9.55
8.76
8.81
8.76
8.76
9.13
9.30
8.98
9.08
9.23
9.30
8.76
8.76
8.94
9.30
9.28
9.47
9.55
8.86
8.86
9.55
8.81
9.28
9.40
8.81
8.91
8.86
9.25
8.81
9.38
8.76
8.86
8.91
9.50
9.45
9.33
9.08
9.50
8.79
9.28
8.94
9.18
8.76
9.03
8.79
9.13
9.47
9.25
8.76
8.86
8.94
9.08
9.35
9.55
8.76
8.96
9.40
8.86
9.42
9.20
9.25
9.55
9.01
9.03
9.42
8.91
9.38
9.33
9.55
8.94
8.98
8.79
8.76
9.03
9.11
9.50
9.03
9.03
9.06
9.20
9.11
9.47
8.76
9.50
8.86
9.13
9.03
9.33
9.38
9.40
8.91
9.55
9.06
8.76
9.38
9.55
9.01
8.86
9.30
8.96
8.91
8.94
9.47
9.40
8.76
8.94
8.86
8.89
9.23
9.33
9.03
9.33
9.40
9.13
9.40
8.96
8.91
8.76
9.55
8.94
8.81
8.91
9.50
8.79
9.55
8.94
9.13
9.01
9.16
8.96
9.50
8.76
9.01
9.42
8.98
8.86
9.06
9.47
8.91
8.84
8.76
8.84
8.76
8.86
9.06
8.96
9.16
9.55
9.35
9.42
9.50
8.91
9.35
9.40
9.23
9.47
8.76
8.79
9.18
9.35
8.98
8.76
8.84
9.25
9.40
8.76
9.35
9.18
9.40
8.98
8.76
9.42
9.06
9.52
9.18
8.86
9.16
9.47
8.76
8.89
9.30
9.45
9.35
9.16
8.84
9.45
8.84
8.79
9.28
9.13
8.79
8.84
8.76
8.86
8.89
8.96
9.55
9.20
9.55
9.28
9.55
9.01
9.18
8.76
8.76
9.52
8.76
8.76
8.89
9.06
9.20
9.30
8.81
8.79
8.76
8.84
9.11
9.11
9.23
9.47
8.94
9.35
9.23
8.94
9.16
8.89
8.76
8.86
9.11
10.25
24.98
8.76
8.98
9.45
9.18
8.72
8.72
9.38
8.86
9.01
9.16
9.11
8.81
9.30
9.30
8.86
8.84
9.20
8.72
9.20
8.91
9.50
8.81
8.89
9.45
9.16
9.16
9.25
8.74
8.81
8.72
9.18
8.76
9.20
8.86
8.74
9.38
8.98
8.86
9.47
8.89
9.33
24.98
9.23
24.98
24.98
8.96
9.13
9.30
8.94
9.20
8.79
8.89
9.16
9.06
8.79
9.06
9.38
9.25
9.52
8.84
9.50
8.91
9.16
9.55
8.84
9.11
8.94
8.84
9.16
9.52
9.42
8.91
9.03
9.47
8.86
8.91
8.84
8.98
9.20
8.91
9.55
9.45
9.20
8.89
8.84
8.91
9.20
9.28
9.64
9.30
8.86
9.33
9.01
8.94
9.59
9.13
9.33
9.33
8.91
9.11
9.38
9.67
9.67
9.52
9.55
8.91
9.08
8.96
9.67
8.94
9.62
9.03
9.45
8.91
9.62
8.89
9.35
8.89
8.89
8.89
9.01
9.50
8.89
9.55
9.33
9.57
9.38
9.33
8.96
9.23
9.64
9.18
8.94
9.47
9.62
9.01
9.57
9.67
9.35
8.94
9.11
9.06
9.03
9.47
9.03
9.08
9.18
8.98
9.67
9.57
8.69
9.47
8.79
8.89
9.45
9.03
9.13
9.42
9.42
9.06
9.52
9.38
8.86
9.01
9.03
9.25
8.98
9.13
9.06
9.64
8.98
8.86
9.42
8.86
8.86
8.86
9.40
9.13
9.62
9.62
9.03
9.59
9.06
9.64
8.94
8.91
9.18
9.16
9.01
8.94
9.59
9.55
9.13
8.86
9.23
9.01
9.38
9.13
9.03
9.40
9.33
9.35
9.38
9.35
9.45
8.89
9.30
8.94
8.91
9.25
9.25
9.62
9.55
8.94
9.62
9.64
8.96
9.62
8.94
8.91
9.16
9.23
8.89
8.98
9.40
9.16
9.20
9.67
8.89
9.55
9.67
9.16
8.89
9.01
9.28
9.30
9.08
9.25
9.57
8.94
8.96
8.94
9.38
9.03
9.67
9.35
9.30
9.45
8.91
9.33
9.16
9.50
9.59
8.91
9.03
9.16
9.33
9.08
9.03
9.25
9.25
8.89
8.91
8.98
9.13
9.62
9.16
9.23
9.67
9.11
9.50
9.25
9.38
9.59
9.01
9.25
9.67
9.38
8.96
9.69
9.50
8.94
9.50
9.06
9.55
9.03
8.91
9.03
9.30
9.35
8.98
9.33
9.69
9.16
8.94
9.18
9.16
9.55
9.67
8.94
9.40
9.06
9.38
8.96
9.30
8.94
9.50
9.03
9.11
9.55
8.94
8.91
8.91
9.16
9.23
9.03
8.94
9.11
9.47
9.01
9.69
8.91
9.42
9.01
8.91
9.01
9.16
9.08
8.98
9.67
8.91
9.38
9.38
9.67
9.45
8.94
9.38
9.08
9.40
8.96
9.20
9.16
9.08
8.94
8.94
9.64
9.08
8.91
9.03
9.25
8.91
8.94
9.03
9.28
9.33
8.91
9.33
9.40
9.06
9.59
8.91
9.11
9.62
9.40
8.91
9.62
9.67
9.55
8.91
8.94
8.89
8.91
9.28
9.18
9.30
9.20
9.23
9.64
9.67
9.59
9.01
9.57
8.94
9.20
9.47
9.64
9.40
9.33
9.11
9.62
9.11
9.64
8.98
9.38
9.67
9.59
9.18
9.35
8.91
8.91
9.30
8.94
9.13
9.23
9.67
9.64
9.62
8.89
9.64
9.18
9.01
9.33
9.62
9.33
9.42
9.25
9.50
9.64
8.94
9.50
8.91
9.30
8.98
8.89
9.55
8.94
9.67
9.08
8.91
9.64
9.33
9.55
9.11
9.50
8.89
9.35
9.62
9.06
9.55
8.89
9.55
9.55
8.94
9.57
8.91
9.13
8.91
8.94
8.94
9.23
9.57
9.06
9.40
9.69
9.57
9.52
9.16
8.91
9.25
9.52
8.98
9.23
9.64
9.08
9.69
9.03
9.33
9.11
8.94
9.67
9.28
9.25
9.40
9.57
9.33
9.50
9.06
9.40
9.23
9.28
9.06
9.40
8.98
9.28
9.55
9.13
9.57
9.69
9.45
8.94
8.94
9.42
9.62
9.35
9.28
9.33
9.72
9.20
9.47
9.67
9.35
9.62
9.33
9.08
8.94
9.16
9.03
9.45
9.33
9.23
9.55
9.55
9.69
9.62
8.94
8.96
9.28
8.94
9.11
8.94
9.06
9.28
8.98
8.94
9.40
9.03
9.03
9.06
9.28
9.38
9.52
9.16
9.69
9.20
9.72
9.16
9.08
9.18
9.42
9.72
9.45
9.38
9.52
9.16
9.38
9.03
9.72
9.72
9.47
8.96
9.28